2017/07/28-22:24:25.290763 7f9db66eaa00 RocksDB version: 5.0.0
2017/07/28-22:24:25.290824 7f9db66eaa00 Git sha rocksdb_build_git_sha:aebfd1703b6a8339a5c0f60ca082a627a3dc020d
2017/07/28-22:24:25.290827 7f9db66eaa00 Compile date Jan 21 2017
2017/07/28-22:24:25.290830 7f9db66eaa00 DB SUMMARY
2017/07/28-22:24:25.290856 7f9db66eaa00 SST files in .c dir, Total Num: 0, files: 
2017/07/28-22:24:25.290858 7f9db66eaa00 Write Ahead Log file in .c: 
2017/07/28-22:24:25.290860 7f9db66eaa00                         Options.error_if_exists: 0
2017/07/28-22:24:25.290862 7f9db66eaa00                       Options.create_if_missing: 1
2017/07/28-22:24:25.290863 7f9db66eaa00                         Options.paranoid_checks: 1
2017/07/28-22:24:25.290864 7f9db66eaa00                                     Options.env: 0x7f9db5a0dee0
2017/07/28-22:24:25.290865 7f9db66eaa00                                Options.info_log: 0x226a380
2017/07/28-22:24:25.290866 7f9db66eaa00                          Options.max_open_files: -1
2017/07/28-22:24:25.290867 7f9db66eaa00                Options.max_file_opening_threads: 16
2017/07/28-22:24:25.290868 7f9db66eaa00                         Options.disableDataSync: 0
2017/07/28-22:24:25.290869 7f9db66eaa00                               Options.use_fsync: 0
2017/07/28-22:24:25.290870 7f9db66eaa00                       Options.max_log_file_size: 0
2017/07/28-22:24:25.290870 7f9db66eaa00                  Options.max_manifest_file_size: 18446744073709551615
2017/07/28-22:24:25.290872 7f9db66eaa00                   Options.log_file_time_to_roll: 0
2017/07/28-22:24:25.290873 7f9db66eaa00                       Options.keep_log_file_num: 1000
2017/07/28-22:24:25.290874 7f9db66eaa00                    Options.recycle_log_file_num: 0
2017/07/28-22:24:25.290875 7f9db66eaa00                         Options.allow_fallocate: 1
2017/07/28-22:24:25.290875 7f9db66eaa00                        Options.allow_mmap_reads: 0
2017/07/28-22:24:25.290887 7f9db66eaa00                       Options.allow_mmap_writes: 0
2017/07/28-22:24:25.290888 7f9db66eaa00                        Options.use_direct_reads: 0
2017/07/28-22:24:25.290889 7f9db66eaa00                        Options.use_direct_writes: 0
2017/07/28-22:24:25.290890 7f9db66eaa00          Options.create_missing_column_families: 0
2017/07/28-22:24:25.290891 7f9db66eaa00                              Options.db_log_dir: 
2017/07/28-22:24:25.290892 7f9db66eaa00                                 Options.wal_dir: .c
2017/07/28-22:24:25.290893 7f9db66eaa00                Options.table_cache_numshardbits: 6
2017/07/28-22:24:25.290894 7f9db66eaa00                      Options.max_subcompactions: 1
2017/07/28-22:24:25.290895 7f9db66eaa00                  Options.max_background_flushes: 1
2017/07/28-22:24:25.290910 7f9db66eaa00                         Options.WAL_ttl_seconds: 0
2017/07/28-22:24:25.290911 7f9db66eaa00                       Options.WAL_size_limit_MB: 0
2017/07/28-22:24:25.290912 7f9db66eaa00             Options.manifest_preallocation_size: 4194304
2017/07/28-22:24:25.290913 7f9db66eaa00                     Options.is_fd_close_on_exec: 1
2017/07/28-22:24:25.290914 7f9db66eaa00                   Options.stats_dump_period_sec: 600
2017/07/28-22:24:25.290914 7f9db66eaa00                   Options.advise_random_on_open: 1
2017/07/28-22:24:25.290915 7f9db66eaa00                    Options.db_write_buffer_size: 0
2017/07/28-22:24:25.290916 7f9db66eaa00         Options.access_hint_on_compaction_start: 1
2017/07/28-22:24:25.290917 7f9db66eaa00  Options.new_table_reader_for_compaction_inputs: 0
2017/07/28-22:24:25.290918 7f9db66eaa00               Options.compaction_readahead_size: 0
2017/07/28-22:24:25.290919 7f9db66eaa00           Options.random_access_max_buffer_size: 1048576
2017/07/28-22:24:25.290920 7f9db66eaa00           Options.writable_file_max_buffer_size: 1048576
2017/07/28-22:24:25.290921 7f9db66eaa00                      Options.use_adaptive_mutex: 0
2017/07/28-22:24:25.290921 7f9db66eaa00                            Options.rate_limiter: (nil)
2017/07/28-22:24:25.290923 7f9db66eaa00     Options.sst_file_manager.rate_bytes_per_sec: 0
2017/07/28-22:24:25.290923 7f9db66eaa00                          Options.bytes_per_sync: 0
2017/07/28-22:24:25.290932 7f9db66eaa00                      Options.wal_bytes_per_sync: 0
2017/07/28-22:24:25.290933 7f9db66eaa00                       Options.wal_recovery_mode: 2
2017/07/28-22:24:25.290934 7f9db66eaa00                  Options.enable_thread_tracking: 0
2017/07/28-22:24:25.290935 7f9db66eaa00         Options.allow_concurrent_memtable_write: 1
2017/07/28-22:24:25.290936 7f9db66eaa00      Options.enable_write_thread_adaptive_yield: 1
2017/07/28-22:24:25.290937 7f9db66eaa00             Options.write_thread_max_yield_usec: 100
2017/07/28-22:24:25.290938 7f9db66eaa00            Options.write_thread_slow_yield_usec: 3
2017/07/28-22:24:25.290939 7f9db66eaa00                               Options.row_cache: None
2017/07/28-22:24:25.290940 7f9db66eaa00                              Options.wal_filter: None
2017/07/28-22:24:25.290941 7f9db66eaa00             Options.avoid_flush_during_recovery: 0
2017/07/28-22:24:25.290943 7f9db66eaa00             Options.base_background_compactions: 1
2017/07/28-22:24:25.290944 7f9db66eaa00             Options.max_background_compactions: 1
2017/07/28-22:24:25.290945 7f9db66eaa00             Options.avoid_flush_during_shutdown: 0
2017/07/28-22:24:25.290946 7f9db66eaa00             Options.delayed_write_rate : 2097152
2017/07/28-22:24:25.290947 7f9db66eaa00             Options.max_total_wal_size: 0
2017/07/28-22:24:25.290948 7f9db66eaa00             Options.delete_obsolete_files_period_micros: 21600000000
2017/07/28-22:24:25.290949 7f9db66eaa00 Compression algorithms supported:
2017/07/28-22:24:25.290950 7f9db66eaa00 	Snappy supported: 1
2017/07/28-22:24:25.290951 7f9db66eaa00 	Zlib supported: 1
2017/07/28-22:24:25.290952 7f9db66eaa00 	Bzip supported: 1
2017/07/28-22:24:25.290953 7f9db66eaa00 	LZ4 supported: 0
2017/07/28-22:24:25.290953 7f9db66eaa00 	ZSTD supported: 0
2017/07/28-22:24:25.290955 7f9db66eaa00 Fast CRC32 supported: 1
2017/07/28-22:24:25.291015 7f9db66eaa00 Creating manifest 1 
2017/07/28-22:24:25.422395 7f9db66eaa00 Recovering from manifest file: MANIFEST-000001
2017/07/28-22:24:25.422637 7f9db66eaa00 --------------- Options for column family [default]:
2017/07/28-22:24:25.422656 7f9db66eaa00               Options.comparator: leveldb.BytewiseComparator
2017/07/28-22:24:25.422662 7f9db66eaa00           Options.merge_operator: None
2017/07/28-22:24:25.422666 7f9db66eaa00        Options.compaction_filter: None
2017/07/28-22:24:25.422670 7f9db66eaa00        Options.compaction_filter_factory: None
2017/07/28-22:24:25.422674 7f9db66eaa00         Options.memtable_factory: SkipListFactory
2017/07/28-22:24:25.422678 7f9db66eaa00            Options.table_factory: BlockBasedTable
2017/07/28-22:24:25.422778 7f9db66eaa00            table_factory options:   flush_block_policy_factory: FlushBlockBySizePolicyFactory (0x2266430)
  cache_index_and_filter_blocks: 0
  cache_index_and_filter_blocks_with_high_priority: 0
  pin_l0_filter_and_index_blocks_in_cache: 0
  index_type: 0
  hash_index_allow_collision: 1
  checksum: 1
  no_block_cache: 0
  block_cache: 0x2267590
  block_cache_name: LRUCache
  block_cache_options:
    capacity : 8388608
    num_shard_bits : 6
    strict_capacity_limit : 0
    high_pri_pool_ratio: 0.000
  block_cache_compressed: (nil)
  persistent_cache: (nil)
  block_size: 4096
  block_size_deviation: 10
  block_restart_interval: 16
  index_block_restart_interval: 1
  filter_policy: nullptr
  whole_key_filtering: 1
  skip_table_builder_flush: 0
  format_version: 2
2017/07/28-22:24:25.422812 7f9db66eaa00        Options.write_buffer_size: 67108864
2017/07/28-22:24:25.422818 7f9db66eaa00  Options.max_write_buffer_number: 2
2017/07/28-22:24:25.422823 7f9db66eaa00          Options.compression: Snappy
2017/07/28-22:24:25.422828 7f9db66eaa00                  Options.bottommost_compression: Disabled
2017/07/28-22:24:25.422832 7f9db66eaa00       Options.prefix_extractor: nullptr
2017/07/28-22:24:25.422837 7f9db66eaa00   Options.memtable_insert_with_hint_prefix_extractor: nullptr
2017/07/28-22:24:25.422841 7f9db66eaa00             Options.num_levels: 7
2017/07/28-22:24:25.422967 7f9db66eaa00        Options.min_write_buffer_number_to_merge: 1
2017/07/28-22:24:25.422973 7f9db66eaa00     Options.max_write_buffer_number_to_maintain: 0
2017/07/28-22:24:25.422977 7f9db66eaa00            Options.compression_opts.window_bits: -14
2017/07/28-22:24:25.422982 7f9db66eaa00                  Options.compression_opts.level: -1
2017/07/28-22:24:25.422986 7f9db66eaa00               Options.compression_opts.strategy: 0
2017/07/28-22:24:25.422989 7f9db66eaa00         Options.compression_opts.max_dict_bytes: 0
2017/07/28-22:24:25.422993 7f9db66eaa00      Options.level0_file_num_compaction_trigger: 4
2017/07/28-22:24:25.422997 7f9db66eaa00          Options.level0_slowdown_writes_trigger: 20
2017/07/28-22:24:25.423001 7f9db66eaa00              Options.level0_stop_writes_trigger: 32
2017/07/28-22:24:25.423005 7f9db66eaa00                   Options.target_file_size_base: 67108864
2017/07/28-22:24:25.423009 7f9db66eaa00             Options.target_file_size_multiplier: 1
2017/07/28-22:24:25.423013 7f9db66eaa00                Options.max_bytes_for_level_base: 268435456
2017/07/28-22:24:25.423017 7f9db66eaa00 Options.level_compaction_dynamic_level_bytes: 0
2017/07/28-22:24:25.423021 7f9db66eaa00          Options.max_bytes_for_level_multiplier: 10.000000
2017/07/28-22:24:25.423033 7f9db66eaa00 Options.max_bytes_for_level_multiplier_addtl[0]: 1
2017/07/28-22:24:25.423038 7f9db66eaa00 Options.max_bytes_for_level_multiplier_addtl[1]: 1
2017/07/28-22:24:25.423042 7f9db66eaa00 Options.max_bytes_for_level_multiplier_addtl[2]: 1
2017/07/28-22:24:25.423046 7f9db66eaa00 Options.max_bytes_for_level_multiplier_addtl[3]: 1
2017/07/28-22:24:25.423050 7f9db66eaa00 Options.max_bytes_for_level_multiplier_addtl[4]: 1
2017/07/28-22:24:25.423053 7f9db66eaa00 Options.max_bytes_for_level_multiplier_addtl[5]: 1
2017/07/28-22:24:25.423057 7f9db66eaa00 Options.max_bytes_for_level_multiplier_addtl[6]: 1
2017/07/28-22:24:25.423061 7f9db66eaa00       Options.max_sequential_skip_in_iterations: 8
2017/07/28-22:24:25.423065 7f9db66eaa00                    Options.max_compaction_bytes: 1677721600
2017/07/28-22:24:25.423069 7f9db66eaa00                        Options.arena_block_size: 8388608
2017/07/28-22:24:25.423073 7f9db66eaa00   Options.soft_pending_compaction_bytes_limit: 68719476736
2017/07/28-22:24:25.423077 7f9db66eaa00   Options.hard_pending_compaction_bytes_limit: 274877906944
2017/07/28-22:24:25.423081 7f9db66eaa00       Options.rate_limit_delay_max_milliseconds: 1000
2017/07/28-22:24:25.423086 7f9db66eaa00                Options.disable_auto_compactions: 0
2017/07/28-22:24:25.423089 7f9db66eaa00           Options.verify_checksums_in_compaction: 1
2017/07/28-22:24:25.423093 7f9db66eaa00                         Options.compaction_style: 0
2017/07/28-22:24:25.423097 7f9db66eaa00                           Options.compaction_pri: 0
2017/07/28-22:24:25.423101 7f9db66eaa00  Options.compaction_options_universal.size_ratio: 1
2017/07/28-22:24:25.423105 7f9db66eaa00 Options.compaction_options_universal.min_merge_width: 2
2017/07/28-22:24:25.423109 7f9db66eaa00 Options.compaction_options_universal.max_merge_width: 4294967295
2017/07/28-22:24:25.423113 7f9db66eaa00 Options.compaction_options_universal.max_size_amplification_percent: 200
2017/07/28-22:24:25.423118 7f9db66eaa00 Options.compaction_options_universal.compression_size_percent: -1
2017/07/28-22:24:25.423122 7f9db66eaa00 Options.compaction_options_fifo.max_table_files_size: 1073741824
2017/07/28-22:24:25.423126 7f9db66eaa00                   Options.table_properties_collectors: 
2017/07/28-22:24:25.423130 7f9db66eaa00                   Options.inplace_update_support: 0
2017/07/28-22:24:25.423134 7f9db66eaa00                 Options.inplace_update_num_locks: 10000
2017/07/28-22:24:25.423138 7f9db66eaa00               Options.min_partial_merge_operands: 2
2017/07/28-22:24:25.423142 7f9db66eaa00               Options.memtable_prefix_bloom_size_ratio: 0.000000
2017/07/28-22:24:25.423147 7f9db66eaa00   Options.memtable_huge_page_size: 0
2017/07/28-22:24:25.423174 7f9db66eaa00                           Options.bloom_locality: 0
2017/07/28-22:24:25.423178 7f9db66eaa00                    Options.max_successive_merges: 0
2017/07/28-22:24:25.423182 7f9db66eaa00                Options.optimize_filters_for_hits: 0
2017/07/28-22:24:25.423186 7f9db66eaa00                Options.paranoid_file_checks: 0
2017/07/28-22:24:25.423190 7f9db66eaa00                Options.force_consistency_checks: 0
2017/07/28-22:24:25.423194 7f9db66eaa00                Options.report_bg_io_stats: 0
2017/07/28-22:24:25.425094 7f9db66eaa00 Recovered from manifest file:.c/MANIFEST-000001 succeeded,manifest_file_number is 1, next_file_number is 3, last_sequence is 0, log_number is 0,prev_log_number is 0,max_column_family is 0
2017/07/28-22:24:25.425117 7f9db66eaa00 Column family [default] (ID 0), log number is 0
2017/07/28-22:24:25.475065 7f9db66eaa00 DB pointer 0x22727d0
